0	1	A	C	D	E	F	G	H	I	K	L	M	N	P	Q	R	S	T	V	W	Y
Chlamydia trachomatis	1	0.049581473776289166	0.029367333373617736	0.027338725689079184	0.04237631967404159	0.05985112033815883	0.04432435854274032	0.02355199134460721	0.061361785635155625	0.0614222122470355	0.1104281944816116	0.015719551461892387	0.03922838094087112	0.043230924613485495	0.034135280796710486	0.0731737495288163	0.09989382181055394	0.0469313352267005	0.04615729910309643	0.01252845086309344	0.030532703745586694
Chlamydia trachomatis	2	0.046531368605209934	0.029652201686765713	0.027919972146209383	0.041366332018335165	0.05978206135315326	0.04261227120614395	0.024164889836531627	0.05979357118398752	0.06017627305922671	0.1131675342201658	0.0152620356862305	0.03961683773152744	0.0428482227382463	0.03558839693953598	0.07511027856668076	0.09947659044281196	0.045596194849926185	0.045596194849926185	0.012476656624339263	0.03128372020752225
Chlamydia trachomatis	3	0.04769399875693469	0.03029971685734675	0.028345917451255725	0.041803825878778116	0.06061382104463525	0.0430584010496996	0.024429686241108632	0.061713013052185725	0.059649869938537325	0.10824739301581457	0.015322506387974494	0.04007446881977855	0.04247715292005248	0.03339874772680187	0.07620105430353813	0.10048686724522916	0.04595600929997008	0.04507550470753436	0.013236343546419279	0.031160079187864
Dictyoglomus turgidum	1	0.027095324322576476	0.021334799198085758	0.024067127982926987	0.041578283644829586	0.06989911401409818	0.042745586238116785	0.02075114790144215	0.08220106059626205	0.08212668951691134	0.1184537282545431	0.015808704649809224	0.0457802496281446	0.040936428894781086	0.028379033822673483	0.05467406066093255	0.08575308801655565	0.037261527517299366	0.03848541680139688	0.013247752699993532	0.04671312164521762
Dictyoglomus turgidum	2	0.027218242285200617	0.02096459445869893	0.023871538303592937	0.04121457869523814	0.07059281929900292	0.0420472127776188	0.020600822286785045	0.08331514472473764	0.0816417927339338	0.11848302154016288	0.015894418764823715	0.045416551472145565	0.039942184476143824	0.028537522695341613	0.05561187287698519	0.0853102329920342	0.03810068890365535	0.038650389074547424	0.013270408831418277	0.046692179221656895
Dictyoglomus turgidum	3	0.027342733206255587	0.02122004336164289	0.02366135882648714	0.041482961719850164	0.07078036406318965	0.042183021055133316	0.020371241627177177	0.08277352837988809	0.081958678714801	0.1175372138931868	0.015713341061471032	0.04456451620726283	0.040802303567069084	0.02801854106341115	0.05584953736263559	0.08633041183860156	0.03809422184282132	0.03798913210426842	0.013527474499570749	0.046674394804363334
Mycobacterium tuberculosis	1	0.11513706744229732	0.030093351568787424	0.037136137184591	0.024107676982915008	0.016879810288428408	0.09408704078923563	0.03186791172395053	0.025628530490894638	0.013294644224950455	0.059239808929780785	0.01116586522631534	0.017569531911235947	0.09258351697027127	0.03203358355093646	0.14573852549301233	0.08638711336597323	0.05854246224380654	0.05954065233108579	0.020476067352876142	0.009958332495731696
Mycobacterium tuberculosis	2	0.11477799628590105	0.029638620529026882	0.03677429327795227	0.023924675466913813	0.01682990078406445	0.09295090637739488	0.031150462598718575	0.02567636043257676	0.013522009744830726	0.05951777714158564	0.011716256149440149	0.01763746429217579	0.09255509628028624	0.03132306630131061	0.14631595073100095	0.08785667099446767	0.05913929673349226	0.059406173944327324	0.02028405439858701	0.010035276314959473
Mycobacterium tuberculosis	3	0.11489591781562584	0.030561274356894794	0.03629324626891537	0.023920532922966014	0.016748809449539378	0.09318873430795573	0.03123435994482223	0.02531661363778152	0.01330297169713228	0.05896049521353657	0.011484046277233623	0.017713727202778296	0.0929197773480012	0.03147143025488524	0.14750486964598886	0.08733545448873918	0.058796902835832277	0.058535570944330075	0.020913483200587824	0.010095590630870436
Rhodopirellula baltica	1	0.07897058990134813	0.0307091764996146	0.041905750559430084	0.03492866191205293	0.03735562130202343	0.06468870595314173	0.030133486962436257	0.039605510003444915	0.03021237153458606	0.07155502052047873	0.014869741850237641	0.03260953941060637	0.06374502827886032	0.03795061238345119	0.117922784591829	0.10185299020782307	0.05901027555472009	0.0597731061513602	0.019500434074946216	0.00862862947706662
Rhodopirellula baltica	2	0.0782237040586532	0.030577842078960936	0.041275932778595766	0.03488963922476606	0.037077846904347005	0.06340431406297926	0.030437696083758632	0.03922829069300516	0.030852679285121157	0.07293717892825237	0.015129053901240712	0.032512192491783214	0.06463877369736605	0.037649340453645035	0.11782627687058188	0.10249161956320606	0.05892006181529345	0.05919909500933398	0.01993849520965044	0.008658420991016809
Rhodopirellula baltica	3	0.07738492608137951	0.03147578348534698	0.04127886997011198	0.03433576882456533	0.03737995803172922	0.06406392335776377	0.031015483614877132	0.03899793095837622	0.030443990065579095	0.07173838519084821	0.014875616233270071	0.03248827536086545	0.06347061067148814	0.03805089649379057	0.11985209981919487	0.10211733744428253	0.059010695153508125	0.05866578494974675	0.020058500463027262	0.00870289846254808
Saccharomyces cerevisiae	1	0.03845733809694681	0.03055265197019101	0.027359574811093603	0.035227857778055136	0.06127691883655501	0.039247806709622385	0.029788185614511336	0.06786069030791872	0.06107930168338613	0.10371260225387564	0.01801436364676454	0.04777134655288079	0.038800567889292786	0.03438018419998856	0.061963378421246974	0.08916693969036513	0.05184329999843987	0.05302900291745324	0.014956498224045846	0.04045951188563168
Saccharomyces cerevisiae	2	0.037230031566739985	0.030739868220561545	0.026943538699159088	0.034759817152128815	0.061724157656884625	0.039715847335548726	0.028794899397267683	0.07350838052742978	0.05884830803313727	0.10312495124576812	0.018529208335283504	0.04590438450057465	0.038270121846576285	0.03519665506966005	0.0633258966878325	0.08763800697900577	0.053341030001404124	0.05429271260745433	0.015564951037750074	0.038426135388551726
Saccharomyces cerevisiae	3	0.0393520203858755	0.03036559363461438	0.026850070206459	0.035488064901970984	0.06409589682250767	0.04094336678974465	0.027910967809038432	0.07037287430443599	0.05981070258463779	0.10347391960060326	0.018529304696032037	0.045977429923552963	0.03866555723126528	0.03508242758333767	0.06058037339435227	0.0876852670445681	0.05116750741068178	0.05518227676946279	0.015044984138540747	0.03698060221540381
