05	1	Y	0.030532703745586698
05	1	R	0.0731737495288163
05	1	T	0.0469313352267005
05	1	H	0.023551991344607212
05	1	E	0.04237631967404159
05	1	S	0.09989382181055394
05	1	N	0.039228380940871124
05	1	F	0.05985112033815883
05	1	I	0.061361785635155625
05	1	P	0.043230924613485495
05	1	W	0.01252845086309344
05	1	Q	0.03413528079671049
05	1	L	0.1104281944816116
05	1	D	0.027338725689079184
05	1	K	0.0614222122470355
05	1	V	0.04615729910309643
05	1	A	0.04958147377628917
05	1	C	0.02936733337361774
05	1	M	0.015719551461892387
05	1	G	0.04432435854274032
05	2	Y	0.03128372020752225
05	2	R	0.07511027856668076
05	2	T	0.04559619484992619
05	2	H	0.024164889836531627
05	2	E	0.04136633201833516
05	2	S	0.09947659044281197
05	2	N	0.03961683773152744
05	2	F	0.05978206135315326
05	2	I	0.05979357118398752
05	2	P	0.0428482227382463
05	2	W	0.012476656624339263
05	2	Q	0.03558839693953598
05	2	L	0.1131675342201658
05	2	D	0.027919972146209383
05	2	K	0.06017627305922671
05	2	V	0.04559619484992619
05	2	A	0.04653136860520993
05	2	C	0.02965220168676571
05	2	M	0.015262035686230501
05	2	G	0.04261227120614395
05	3	Y	0.031160079187864
05	3	R	0.07620105430353813
05	3	T	0.045956009299970076
05	3	H	0.02442968624110863
05	3	E	0.041803825878778116
05	3	S	0.10048686724522916
05	3	N	0.04007446881977855
05	3	F	0.06061382104463525
05	3	I	0.061713013052185725
05	3	P	0.04247715292005248
05	3	W	0.01323634354641928
05	3	Q	0.03339874772680187
05	3	L	0.10824739301581456
05	3	D	0.028345917451255725
05	3	K	0.059649869938537325
05	3	V	0.04507550470753436
05	3	A	0.04769399875693469
05	3	C	0.030299716857346747
05	3	M	0.015322506387974494
05	3	G	0.043058401049699595
08	1	Y	0.04671312164521762
08	1	R	0.05467406066093255
08	1	T	0.03726152751729936
08	1	H	0.02075114790144215
08	1	E	0.04157828364482959
08	1	S	0.08575308801655565
08	1	N	0.0457802496281446
08	1	F	0.06989911401409817
08	1	I	0.08220106059626205
08	1	P	0.04093642889478109
08	1	W	0.013247752699993533
08	1	Q	0.02837903382267348
08	1	L	0.1184537282545431
08	1	D	0.024067127982926987
08	1	K	0.08212668951691134
08	1	V	0.03848541680139688
08	1	A	0.027095324322576473
08	1	C	0.021334799198085754
08	1	M	0.015808704649809224
08	1	G	0.04274558623811679
08	2	Y	0.046692179221656895
08	2	R	0.055611872876985186
08	2	T	0.038100688903655346
08	2	H	0.020600822286785045
08	2	E	0.04121457869523814
08	2	S	0.0853102329920342
08	2	N	0.04541655147214556
08	2	F	0.07059281929900293
08	2	I	0.08331514472473764
08	2	P	0.039942184476143824
08	2	W	0.013270408831418275
08	2	Q	0.028537522695341613
08	2	L	0.11848302154016287
08	2	D	0.023871538303592937
08	2	K	0.0816417927339338
08	2	V	0.038650389074547424
08	2	A	0.027218242285200617
08	2	C	0.020964594458698926
08	2	M	0.015894418764823715
08	2	G	0.042047212777618796
08	3	Y	0.04667439480436333
08	3	R	0.055849537362635586
08	3	T	0.03809422184282132
08	3	H	0.020371241627177177
08	3	E	0.04148296171985016
08	3	S	0.08633041183860156
08	3	N	0.04456451620726283
08	3	F	0.07078036406318965
08	3	I	0.08277352837988809
08	3	P	0.04080230356706908
08	3	W	0.013527474499570749
08	3	Q	0.02801854106341115
08	3	L	0.11753721389318679
08	3	D	0.02366135882648714
08	3	K	0.081958678714801
08	3	V	0.03798913210426842
08	3	A	0.027342733206255587
08	3	C	0.021220043361642894
08	3	M	0.01571334106147103
08	3	G	0.04218302105513331
14	1	Y	0.009958332495731697
14	1	R	0.14573852549301233
14	1	T	0.05854246224380654
14	1	H	0.03186791172395053
14	1	E	0.024107676982915008
14	1	S	0.08638711336597323
14	1	N	0.017569531911235947
14	1	F	0.01687981028842841
14	1	I	0.025628530490894634
14	1	P	0.09258351697027127
14	1	W	0.02047606735287614
14	1	Q	0.03203358355093646
14	1	L	0.05923980892978079
14	1	D	0.037136137184590995
14	1	K	0.013294644224950454
14	1	V	0.05954065233108579
14	1	A	0.11513706744229733
14	1	C	0.030093351568787428
14	1	M	0.01116586522631534
14	1	G	0.09408704078923563
14	2	Y	0.010035276314959473
14	2	R	0.14631595073100095
14	2	T	0.05913929673349226
14	2	H	0.031150462598718575
14	2	E	0.023924675466913813
14	2	S	0.08785667099446767
14	2	N	0.017637464292175786
14	2	F	0.01682990078406445
14	2	I	0.025676360432576765
14	2	P	0.09255509628028623
14	2	W	0.020284054398587006
14	2	Q	0.03132306630131061
14	2	L	0.05951777714158564
14	2	D	0.03677429327795227
14	2	K	0.013522009744830726
14	2	V	0.05940617394432733
14	2	A	0.11477799628590105
14	2	C	0.029638620529026882
14	2	M	0.011716256149440147
14	2	G	0.09295090637739488
14	3	Y	0.010095590630870436
14	3	R	0.14750486964598886
14	3	T	0.058796902835832277
14	3	H	0.03123435994482223
14	3	E	0.023920532922966014
14	3	S	0.08733545448873917
14	3	N	0.017713727202778296
14	3	F	0.016748809449539378
14	3	I	0.02531661363778152
14	3	P	0.09291977734800119
14	3	W	0.020913483200587824
14	3	Q	0.03147143025488524
14	3	L	0.05896049521353658
14	3	D	0.03629324626891537
14	3	K	0.013302971697132281
14	3	V	0.05853557094433007
14	3	A	0.11489591781562584
14	3	C	0.030561274356894794
14	3	M	0.011484046277233624
14	3	G	0.09318873430795573
16	1	Y	0.008628629477066618
16	1	R	0.11792278459182899
16	1	T	0.05901027555472009
16	1	H	0.030133486962436257
16	1	E	0.03492866191205293
16	1	S	0.10185299020782308
16	1	N	0.03260953941060637
16	1	F	0.03735562130202343
16	1	I	0.03960551000344491
16	1	P	0.06374502827886032
16	1	W	0.019500434074946216
16	1	Q	0.03795061238345119
16	1	L	0.07155502052047873
16	1	D	0.041905750559430084
16	1	K	0.03021237153458606
16	1	V	0.059773106151360195
16	1	A	0.07897058990134813
16	1	C	0.030709176499614597
16	1	M	0.01486974185023764
16	1	G	0.06468870595314173
16	2	Y	0.00865842099101681
16	2	R	0.11782627687058189
16	2	T	0.058920061815293454
16	2	H	0.030437696083758632
16	2	E	0.03488963922476606
16	2	S	0.10249161956320606
16	2	N	0.03251219249178321
16	2	F	0.037077846904347005
16	2	I	0.03922829069300516
16	2	P	0.06463877369736605
16	2	W	0.019938495209650436
16	2	Q	0.037649340453645035
16	2	L	0.07293717892825238
16	2	D	0.041275932778595766
16	2	K	0.030852679285121153
16	2	V	0.05919909500933398
16	2	A	0.0782237040586532
16	2	C	0.03057784207896094
16	2	M	0.015129053901240712
16	2	G	0.06340431406297926
16	3	Y	0.00870289846254808
16	3	R	0.11985209981919488
16	3	T	0.05901069515350812
16	3	H	0.03101548361487713
16	3	E	0.03433576882456533
16	3	S	0.10211733744428253
16	3	N	0.032488275360865446
16	3	F	0.03737995803172922
16	3	I	0.03899793095837622
16	3	P	0.06347061067148814
16	3	W	0.020058500463027262
16	3	Q	0.038050896493790565
16	3	L	0.07173838519084821
16	3	D	0.04127886997011198
16	3	K	0.030443990065579095
16	3	V	0.05866578494974675
16	3	A	0.07738492608137951
16	3	C	0.03147578348534698
16	3	M	0.014875616233270071
16	3	G	0.06406392335776377
25	1	Y	0.040459511885631676
25	1	R	0.06196337842124697
25	1	T	0.05184329999843987
25	1	H	0.02978818561451134
25	1	E	0.035227857778055136
25	1	S	0.08916693969036513
25	1	N	0.04777134655288079
25	1	F	0.06127691883655501
25	1	I	0.06786069030791873
25	1	P	0.03880056788929279
25	1	W	0.014956498224045846
25	1	Q	0.03438018419998856
25	1	L	0.10371260225387563
25	1	D	0.027359574811093603
25	1	K	0.06107930168338612
25	1	V	0.05302900291745324
25	1	A	0.03845733809694681
25	1	C	0.03055265197019101
25	1	M	0.01801436364676454
25	1	G	0.03924780670962239
25	2	Y	0.038426135388551726
25	2	R	0.0633258966878325
25	2	T	0.053341030001404124
25	2	H	0.028794899397267683
25	2	E	0.03475981715212881
25	2	S	0.08763800697900578
25	2	N	0.04590438450057465
25	2	F	0.06172415765688462
25	2	I	0.07350838052742978
25	2	P	0.038270121846576285
25	2	W	0.015564951037750076
25	2	Q	0.03519665506966005
25	2	L	0.10312495124576813
25	2	D	0.026943538699159088
25	2	K	0.05884830803313728
25	2	V	0.05429271260745433
25	2	A	0.03723003156673999
25	2	C	0.030739868220561545
25	2	M	0.018529208335283504
25	2	G	0.039715847335548726
25	3	Y	0.036980602215403814
25	3	R	0.06058037339435228
25	3	T	0.05116750741068178
25	3	H	0.027910967809038432
25	3	E	0.035488064901970984
25	3	S	0.0876852670445681
25	3	N	0.045977429923552963
25	3	F	0.06409589682250767
25	3	I	0.070372874304436
25	3	P	0.038665557231265274
25	3	W	0.015044984138540746
25	3	Q	0.03508242758333767
25	3	L	0.10347391960060326
25	3	D	0.026850070206458996
25	3	K	0.05981070258463779
25	3	V	0.05518227676946279
25	3	A	0.0393520203858755
25	3	C	0.030365593634614385
25	3	M	0.018529304696032034
25	3	G	0.040943366789744653
